((("args" .
   [1 0 0 0])
  ("foo" .
   [2 0 0])
  ("yaml" .
   [0 0 1 0])
  ("imshow" .
   [0 0 0 1 0 3])
  ("cv2" .
   [0 0 1])
  ("CV_32S" .
   [0 0 0 0 0 1])
  ("instance_in_level" .
   [0 0 0 0 0 0 0 0 0 0 0 0 0 0 0 0 3])
  ("level" .
   [2 0 0 0 0])
  ("instance" .
   [0 0 0 0 0 0 0 1])
  ("task" .
   [5 0 0 0])
  ("task_id" .
   [1 0 0 1 2 0 0])
  ("dump" .
   [2 0 0 0])
  ("stdout" .
   [1 0 0 0 0 1])
  ("job_reques" .
   [0 0 0 0 0 0 0 0 0 1])
  ("i" .
   [2])
  ("frame_numbe" .
   [0 0 0 0 0 0 0 0 0 0 1])
  ("parameters" .
   [1 0 0 0 0 0 0 0 0 0])
  ("frame_out" .
   [1 0 0 0 0 0 0 0 0])))
